0, 1.4486398567197788e+16,5.519547896478856e-06
1, 2.8972797134396664e+16,5.50924132894566e-06
2, 4.345919570159528e+16,5.5212457910605946e-06
3, 5.794559426879421e+16,5.537506241157527e-06
4, 7.243199283599173e+16,5.554194666128967e-06
5, 8.691839140318971e+16,5.571260585318514e-06
6, 1.0140478997038826e+17,5.588651896418944e-06
7, 1.1589118853758696e+17,5.606315225293355e-06
8, 1.3037758710478523e+17,5.624196267624235e-06
9, 1.448639856719844e+17,5.64224011903902e-06
10, 1.5935038423918298e+17,5.660391590893653e-06
11, 1.7383678280638134e+17,5.6785955094315885e-06
12, 1.8832318137358006e+17,5.696796996558715e-06
13, 2.028095799407782e+17,5.714941730971596e-06
14, 2.1729597850797786e+17,5.732976188837177e-06
15, 2.3178237707517616e+17,5.750847863639397e-06
16, 2.4626877564237523e+17,5.768505465176843e-06
17, 2.6075517420957322e+17,5.785899098013339e-06
18, 2.752415727767712e+17,5.802980419950243e-06
19, 2.8972797134397024e+17,5.819702781305446e-06
20, 3.042143699111691e+17,5.836021345953707e-06
21, 3.1870076847836755e+17,5.851893195207802e-06
22, 3.3318716704556685e+17,5.863306678495027e-06
23, 3.4767356561276614e+17,5.871517167768578e-06
24, 3.6215996417996525e+17,5.880077530305389e-06
25, 3.7664636274716416e+17,5.889010215539512e-06
26, 3.9113276131436326e+17,5.898336992997918e-06
27, 4.056191598815623e+17,5.908078897860034e-06
28, 4.2010555844876077e+17,5.918256179186209e-06
29, 4.345919570159601e+17,5.928888250943584e-06
30, 4.490783555831576e+17,5.939993645980344e-06
31, 4.635647541503551e+17,5.95158997311778e-06
32, 4.7805115271755334e+17,5.963693877544438e-06
33, 4.925375512847524e+17,5.976321004707391e-06
34, 5.0702394985194976e+17,5.989485967902488e-06
35, 5.2151034841914816e+17,6.003202319768982e-06
36, 5.359967469863476e+17,6.017482527893374e-06
37, 5.504831455535471e+17,6.032337954723696e-06
38, 5.649695441207456e+17,6.0477788419879756e-06
39, 5.794559426879434e+17,6.063814299800715e-06
40, 5.93942341255142e+17,6.080452300627353e-06
41, 6.084287398223409e+17,6.097699678261181e-06
42, 6.229151383895396e+17,6.119713750979411e-06
43, 6.374015369567382e+17,6.138880004137013e-06
44, 6.518879355239378e+17,6.136318715579554e-06
45, 6.663743340911366e+17,6.134702570471244e-06
46, 6.80860732658335e+17,6.134021784282253e-06
47, 6.953471312255325e+17,6.1342674759825e-06
48, 7.098335297927315e+17,6.1354315601282525e-06
49, 7.243199283599292e+17,6.137506640176031e-06
50, 7.388063269271286e+17,6.1404859032738645e-06
51, 7.53292725494328e+17,6.144363016767466e-06
52, 7.677791240615265e+17,6.149132026648414e-06
53, 7.822655226287249e+17,6.154787258162343e-06
54, 7.967519211959235e+17,6.161323218787431e-06
55, 8.112383197631215e+17,6.1687345037861315e-06
56, 8.257247183303206e+17,6.1770157045266e-06
57, 8.402111168975196e+17,6.186161319763401e-06
58, 8.546975154647183e+17,6.196165670060354e-06
59, 8.69183914031917e+17,6.207022815530863e-06
60, 8.836703125991159e+17,6.2187264770630435e-06
61, 8.981567111663144e+17,6.231269961187895e-06
62, 9.126431097335131e+17,6.244646088738797e-06
63, 9.271295083007116e+17,6.2588471274394226e-06
64, 9.416159068679101e+17,6.273864728544925e-06
65, 9.561023054351094e+17,6.287574390040658e-06
66, 9.705887040023071e+17,6.282774325690415e-06
67, 9.850751025695053e+17,6.278155754088186e-06
68, 9.995615011367044e+17,6.273711501452581e-06
69, 1.0140478997039028e+18,6.269434884641855e-06
70, 1.028534298271101e+18,6.265319703081148e-06
71, 1.0430206968382995e+18,6.261360230688934e-06
72, 1.0575070954054984e+18,6.257551207851444e-06
73, 1.071993493972697e+18,6.253343818219115e-06
74, 1.0864798925398954e+18,6.2492404519919515e-06
75, 1.1009662911070941e+18,6.24527982574899e-06
76, 1.1154526896742934e+18,6.2414758424621044e-06
77, 1.1299390882414922e+18,6.237842702500682e-06
78, 1.1444254868086916e+18,6.234394922394917e-06
79, 1.1589118853758912e+18,6.231147354079162e-06
80, 1.1733982839430907e+18,6.2281152046779315e-06
81, 1.1878846825102886e+18,6.225314056896805e-06
82, 1.202371081077488e+18,6.222759890079965e-06
83, 1.216857479644687e+18,6.220469101995004e-06
84, 1.231343878211885e+18,6.2184585314042205e-06
85, 1.245830276779083e+18,6.2167454814795895e-06
86, 1.2603166753462815e+18,6.215347744116107e-06
87, 1.2748030739134794e+18,6.2142836251949905e-06
88, 1.2892894724806776e+18,6.209333586811029e-06
89, 1.3037758710478764e+18,6.2021668137723825e-06
90, 1.3182622696150758e+18,6.194720301878824e-06
91, 1.3327486681822746e+18,6.18699579266264e-06
92, 1.347235066749473e+18,6.17899525515197e-06
93, 1.3617214653166717e+18,6.170720895494553e-06
94, 1.3762078638838697e+18,6.162175167024849e-06
95, 1.390694262451068e+18,6.153555664172763e-06
96, 1.4051806610182666e+18,6.145123910451875e-06
97, 1.4196670595854648e+18,6.136893232737942e-06
98, 1.434153458152663e+18,6.128886711940586e-06
99, 1.4486398567198607e+18,6.121127432848121e-06
100, 1.463126255287059e+18,6.113638538837132e-06
101, 1.4776126538542566e+18,6.1064432876728395e-06
102, 1.4920990524214556e+18,6.09956510841966e-06
103, 1.506585450988654e+18,6.0930276594815895e-06
104, 1.5210718495558533e+18,6.08685488779157e-06
105, 1.5355582481230518e+18,6.081071089167653e-06
106, 1.550044646690251e+18,6.075700969851361e-06
107, 1.56453104525745e+18,6.070769709240175e-06
108, 1.5790174438246484e+18,6.066303023821253e-06
109, 1.5935038423918474e+18,6.062327232307272e-06
110, 1.607990240959047e+18,6.0600973752120065e-06
111, 1.6224766395262456e+18,6.05910275414893e-06
112, 1.636963038093444e+18,6.057792857850717e-06
113, 1.6514494366606426e+18,6.0561728113806645e-06
114, 1.6659358352278415e+18,6.054247697735775e-06
115, 1.6804222337950397e+18,6.052022565725348e-06
116, 1.694908632362238e+18,6.049502438079967e-06
117, 1.7093950309294364e+18,6.046692319807149e-06
118, 1.7238814294966344e+18,6.04359720681148e-06
119, 1.7383678280638326e+18,6.040222094798759e-06
120, 1.752854226631031e+18,6.036571988485456e-06
121, 1.76734062519823e+18,6.032651911136556e-06
122, 1.7818270237654285e+18,6.028466914456737e-06
123, 1.796313422332626e+18,6.024022088861876e-06
124, 1.8107998208998246e+18,6.0193225741598496e-06
125, 1.8252862194670234e+18,6.01437357067182e-06
126, 1.839772618034221e+18,6.009180350827419e-06
127, 1.85425901660142e+18,6.0037482712696064e-06
128, 1.8687454151686188e+18,5.9980827855074675e-06
129, 1.8832318137358167e+18,5.992189457157788e-06
130, 1.8977182123030147e+18,5.986073973818943e-06
131, 1.9122046108702136e+18,5.979742161623469e-06
132, 1.9266910094374124e+18,5.976636476955351e-06
133, 1.94117740800461e+18,5.976400978625712e-06
134, 1.9556638065718093e+18,5.975873045015654e-06
135, 1.970150205139008e+18,5.975053536657352e-06
136, 1.9846366037062065e+18,5.973943340931382e-06
137, 1.9991230022734054e+18,5.972543373354005e-06
138, 2.0136094008406042e+18,5.9708545788959805e-06
139, 2.0280957994078031e+18,5.968877933332744e-06
140, 2.0425821979750016e+18,5.966614444625932e-06
141, 2.0570685965421998e+18,5.9640651543360805e-06
142, 2.0715549951093988e+18,5.961231139066379e-06
143, 2.0860413936765967e+18,5.9581135119372345e-06
144, 2.1005277922437952e+18,5.954713424091432e-06
145, 2.1150141908109942e+18,5.951026218706073e-06
146, 2.1295005893781932e+18,5.9471397629369356e-06
147, 2.1439869879453908e+18,5.943295610153638e-06
148, 2.158473386512589e+18,5.939503152454889e-06
149, 2.1729597850797878e+18,5.935771574817323e-06
150, 2.1874461836469865e+18,5.932109848696054e-06
151, 2.2019325822141855e+18,5.928526725663902e-06
152, 2.216418980781384e+18,5.925030731099682e-06
153, 2.2309053793485824e+18,5.9216301579363104e-06
154, 2.245391777915781e+18,5.923506704780494e-06
155, 2.2598781764829793e+18,5.92684781593932e-06
156, 2.2743645750501778e+18,5.930200180340421e-06
157, 2.2888509736173757e+18,5.933565317891229e-06
158, 2.3033373721845742e+18,5.936944757567508e-06
159, 2.3178237707517727e+18,5.9403400366799325e-06
160, 2.332310169318972e+18,5.943752700112272e-06
161, 2.3467965678861706e+18,5.947184299529974e-06
162, 2.36128296645337e+18,5.950629860338447e-06
163, 2.375769365020568e+18,5.953922438207974e-06
164, 2.3902557635877663e+18,5.9571791668824935e-06
165, 2.404742162154965e+18,5.960406095241903e-06
166, 2.4192285607221637e+18,5.963609149777048e-06
167, 2.433714959289363e+18,5.966794133615346e-06
168, 2.4482013578565617e+18,5.969966725524231e-06
169, 2.4626877564237604e+18,5.973132478895211e-06
170, 2.477174154990959e+18,5.9762968207114185e-06
171, 2.4916605535581573e+18,5.979465050501723e-06
172, 2.506146952125356e+18,5.9826423392843935e-06
173, 2.5206333506925553e+18,5.985833728503553e-06
174, 2.5351197492597535e+18,5.989044128961638e-06
175, 2.549606147826951e+18,5.993261490126309e-06
176, 2.5640925463941494e+18,5.9986971073025894e-06
177, 2.5785789449613486e+18,6.004125177564974e-06
178, 2.5930653435285473e+18,6.009549389796682e-06
179, 2.607551742095746e+18,6.014973370087741e-06
180, 2.6220381406629453e+18,6.020400681435015e-06
181, 2.636524539230144e+18,6.025834823438408e-06
182, 2.6510109377973427e+18,6.031279231994416e-06
183, 2.6654973363645404e+18,6.036737278988124e-06
184, 2.679983734931739e+18,6.04221227198483e-06
185, 2.6944701334989373e+18,6.047707453922448e-06
186, 2.708956532066136e+18,6.053226002805882e-06
187, 2.7234429306333353e+18,6.058771031404491e-06
188, 2.7379293292005345e+18,6.0643455869538706e-06
189, 2.752415727767733e+18,6.06995265086306e-06
190, 2.7669021263349315e+18,6.075595138428366e-06
191, 2.78138852490213e+18,6.08127589855495e-06
192, 2.795874923469329e+18,6.0869977134873506e-06
193, 2.810361322036527e+18,6.092763298550019e-06
194, 2.824847720603726e+18,6.098575301899065e-06
195, 2.839334119170925e+18,6.104436304286264e-06
196, 2.8538205177381233e+18,6.111675412063847e-06
197, 2.868306916305322e+18,6.120121548694337e-06
198, 2.88279331487252e+18,6.128647822841502e-06
199, 2.897279713439719e+18,6.137254976764222e-06
200, 2.911766112006917e+18,6.145943721167189e-06
201, 2.926252510574116e+18,6.1547147348658235e-06
202, 2.9407389091413135e+18,6.163568664504119e-06
203, 2.9552253077085117e+18,6.172506124324296e-06
204, 2.9697117062757105e+18,6.181527695987008e-06
205, 2.98419810484291e+18,6.190633928440798e-06
206, 2.9986845034101084e+18,6.199825337839526e-06
207, 3.0131709019773066e+18,6.209102407506319e-06
208, 3.0276573005445053e+18,6.218465587942602e-06
209, 3.042143699111704e+18,6.227915296880766e-06
210, 3.056630097678903e+18,6.237451919378972e-06
211, 3.071116496246101e+18,6.24707580795645e-06
212, 3.0856028948132997e+18,6.25678728276786e-06
213, 3.1000892933804984e+18,6.266586631815001e-06
214, 3.114575691947697e+18,6.276474111194345e-06
215, 3.129062090514896e+18,6.286449945378708e-06
216, 3.1435484890820946e+18,6.296514327531474e-06
217, 3.1580348876492933e+18,6.303115822873327e-06
218, 3.1725212862164915e+18,6.309500742500706e-06
219, 3.18700768478369e+18,6.315978001449694e-06
220, 3.2014940833508884e+18,6.322548716524427e-06
221, 3.2159804819180867e+18,6.329213977795202e-06
222, 3.230466880485286e+18,6.3359748482696345e-06
223, 3.2449532790524846e+18,6.342832363572276e-06
224, 3.259439677619684e+18,6.349787531633134e-06
225, 3.2739260761868826e+18,6.356841332385406e-06
226, 3.2884124747540813e+18,6.363994717472813e-06
227, 3.3028988733212795e+18,6.371248609966811e-06
228, 3.3173852718884777e+18,6.378603904094164e-06
229, 3.3318716704556754e+18,6.386061464974995e-06
230, 3.3463580690228736e+18,6.393622128371844e-06
231, 3.3608444675900713e+18,6.401286700449902e-06
232, 3.37533086615727e+18,6.409055957548808e-06
233, 3.389817264724468e+18,6.416930645966206e-06
234, 3.4043036632916664e+18,6.42491148175345e-06
235, 3.418790061858865e+18,6.432999150523649e-06
236, 3.433276460426064e+18,6.4411943072723245e-06
237, 3.447762858993262e+18,6.445979190082881e-06
238, 3.4622492575604603e+18,6.446766305589737e-06
239, 3.476735656127659e+18,6.4476174436383975e-06
240, 3.4912220546948577e+18,6.448532811311282e-06
241, 3.505708453262057e+18,6.449512610713866e-06
242, 3.5201948518292557e+18,6.450557038896978e-06
243, 3.534681250396455e+18,6.451666287779312e-06
244, 3.549167648963654e+18,6.452840544070179e-06
245, 3.563654047530853e+18,6.454079989192623e-06
246, 3.578140446098051e+18,6.455384799206883e-06
247, 3.59262684466525e+18,6.456755144734273e-06
248, 3.607113243232448e+18,6.458191190881555e-06
249, 3.621599641799646e+18,6.459693097165822e-06
250, 3.636086040366845e+18,6.46126101743998e-06
251, 3.650572438934043e+18,6.46289509981884e-06
252, 3.6650588375012413e+18,6.464595486605909e-06
253, 3.67954523606844e+18,6.466362314220912e-06
254, 3.6940316346356383e+18,6.468195713128128e-06
255, 3.708518033202837e+18,6.47009580776554e-06
256, 3.7230044317700357e+18,6.47206271647491e-06
257, 3.7374908303372344e+18,6.473736917290612e-06
258, 3.751977228904433e+18,6.472127348274168e-06
259, 3.7664636274716314e+18,6.470565848034627e-06
260, 3.7809500260388296e+18,6.469052354395339e-06
261, 3.795436424606028e+18,6.467586803723172e-06
262, 3.809922823173226e+18,6.466131477038389e-06
263, 3.8244092217404247e+18,6.464610332982941e-06
264, 3.8388956203076234e+18,6.4631492179409224e-06
265, 3.853382018874822e+18,6.461748063199799e-06
266, 3.8678684174420214e+18,6.460406797210492e-06
267, 3.8823548160092196e+18,6.459125345577412e-06
268, 3.896841214576419e+18,6.457903631048942e-06
269, 3.911327613143617e+18,6.4567415735084056e-06
270, 3.925814011710815e+18,6.455639089965543e-06
271, 3.940300410278014e+18,6.454596094548469e-06
272, 3.954786808845212e+18,6.4536124984961146e-06
273, 3.969273207412411e+18,6.452688210151204e-06
274, 3.9837596059796096e+18,6.451823134953675e-06
275, 3.998246004546809e+18,6.4510171754346565e-06
276, 4.0127324031140076e+18,6.450270231210912e-06
277, 4.027218801681206e+18,6.449582198979803e-06
278, 4.0417052002484045e+18,6.447756151069625e-06
279, 4.0561915988156027e+18,6.445653051591427e-06
280, 4.0706779973828014e+18,6.443588925242446e-06
281, 4.0851643959500006e+18,6.441563708895152e-06
282, 4.099650794517199e+18,6.439577338903286e-06
283, 4.1141371930843976e+18,6.437629751110018e-06
284, 4.1286235916515963e+18,6.435720880856123e-06
285, 4.143109990218795e+18,6.433879223139166e-06
286, 4.1575963887859937e+18,6.432188117615059e-06
287, 4.1720827873531924e+18,6.43053507829612e-06
288, 4.18656918592039e+18,6.428919986216189e-06
289, 4.201055584487589e+18,6.427342722236056e-06
290, 4.215541983054787e+18,6.4258031670503406e-06
291, 4.230028381621986e+18,6.4243012011943924e-06
292, 4.244514780189184e+18,6.42283670505116e-06
293, 4.259001178756382e+18,6.4214095588580505e-06
294, 4.273487577323581e+18,6.420019642713776e-06
295, 4.287973975890779e+18,6.418666836585189e-06
296, 4.3024603744579773e+18,6.417351020314085e-06
297, 4.316946773025176e+18,6.41607207362401e-06
298, 4.331433171592375e+18,6.414841564195413e-06
299, 4.3459195701595735e+18,6.413656993828741e-06
300, 4.360405968726772e+18,6.412506671243313e-06
301, 4.374892367293971e+18,6.411390546601691e-06
302, 4.3893787658611697e+18,6.4103085701010525e-06
303, 4.403865164428368e+18,6.409260691975505e-06
304, 4.418351562995567e+18,6.408246862498425e-06
305, 4.4328379615627653e+18,6.407267031984754e-06
306, 4.447324360129964e+18,6.406321150793321e-06
307, 4.4618107586971633e+18,6.405409169329133e-06
308, 4.476297157264362e+18,6.404531038045684e-06
309, 4.490783555831561e+18,6.403686707447245e-06
310, 4.5052699543987594e+18,6.402876128091141e-06
311, 4.519756352965958e+18,6.402099250590039e-06
312, 4.534242751533157e+18,6.401356025614215e-06
313, 4.548729150100356e+18,6.4006464038938265e-06
314, 4.563215548667555e+18,6.399970336221164e-06
315, 4.5777019472347535e+18,6.399327773452912e-06
316, 4.592188345801952e+18,6.398718666512388e-06
317, 4.6066747443691505e+18,6.39814296639178e-06
318, 4.621161142936349e+18,6.397344691677769e-06
319, 4.635647541503547e+18,6.395919349079596e-06
320, 4.650133940070746e+18,6.394525252748621e-06
321, 4.664620338637945e+18,6.3931623805400195e-06
322, 4.679106737205144e+18,6.3918307102825865e-06
323, 4.693593135772342e+18,6.390530219779299e-06
324, 4.708079534339541e+18,6.389260886807878e-06
325, 4.72256593290674e+18,6.3880226891213605e-06
326, 4.737052331473938e+18,6.38681560444864e-06
327, 4.751538730041137e+18,6.3856396104950296e-06
328, 4.766025128608336e+18,6.384494684942796e-06
329, 4.780511527175535e+18,6.38338080545171e-06
330, 4.794997925742733e+18,6.382297949659573e-06
331, 4.809484324309932e+18,6.381246095182749e-06
332, 4.82397072287713e+18,6.380225219616693e-06
333, 4.838457121444328e+18,6.379235300536466e-06
334, 4.852943520011526e+18,6.378276315497254e-06
335, 4.867429918578725e+18,6.377348242034876e-06
336, 4.881916317145924e+18,6.37645105766628e-06
337, 4.896402715713122e+18,6.375584739890053e-06
338, 4.910889114280321e+18,6.37466212929387e-06
339, 4.92537551284752e+18,6.372117364637126e-06
340, 4.939861911414717e+18,6.3695939556963375e-06
341, 4.954348309981916e+18,6.367091881357827e-06
342, 4.968834708549115e+18,6.364611120470521e-06
343, 4.983321107116314e+18,6.362151651846424e-06
344, 4.997807505683511e+18,6.359713454261099e-06
345, 5.012293904250709e+18,6.357296506454117e-06
346, 5.026780302817908e+18,6.354900787129536e-06
347, 5.041266701385106e+18,6.352526274956346e-06
348, 5.055753099952305e+18,6.350172948568928e-06
349, 5.070239498519503e+18,6.347840786567518e-06
350, 5.084725897086702e+18,6.34552976751864e-06
351, 5.0992122956539e+18,6.343239869955549e-06
352, 5.113698694221099e+18,6.340971072378687e-06
353, 5.128185092788299e+18,6.338723353256111e-06
354, 5.142671491355497e+18,6.336496691023916e-06
355, 5.157157889922696e+18,6.334291064086684e-06
356, 5.171644288489895e+18,6.332106450817894e-06
357, 5.186130687057094e+18,6.329942829560342e-06
358, 5.200617085624291e+18,6.327800178626569e-06
359, 5.21510348419149e+18,6.324305110758409e-06
360, 5.229589882758689e+18,6.3205406675129125e-06
361, 5.244076281325887e+18,6.316789881024929e-06
362, 5.258562679893086e+18,6.313052713386921e-06
363, 5.273049078460285e+18,6.309329126662966e-06
364, 5.287535477027484e+18,6.305619082889182e-06
365, 5.302021875594682e+18,6.301922544074152e-06
366, 5.316508274161881e+18,6.298239472199333e-06
367, 5.33099467272908e+18,6.294569829219484e-06
368, 5.345481071296279e+18,6.290913577063082e-06
369, 5.359967469863477e+18,6.287270677632738e-06
370, 5.374453868430675e+18,6.283641092805615e-06
371, 5.388940266997874e+18,6.280024784433851e-06
372, 5.403426665565072e+18,6.27642171434496e-06
373, 5.417913064132271e+18,6.272831844342254e-06
374, 5.432399462699469e+18,6.269255136205258e-06
375, 5.446885861266668e+18,6.265691551690122e-06
376, 5.461372259833866e+18,6.262141052530032e-06
377, 5.475858658401065e+18,6.258603600435606e-06
378, 5.490345056968264e+18,6.255079157095327e-06
379, 5.504831455535461e+18,6.251024342097244e-06
380, 5.519317854102659e+18,6.246633324667417e-06
381, 5.533804252669858e+18,6.24224744668479e-06
382, 5.548290651237057e+18,6.237866664888139e-06
383, 5.562777049804255e+18,6.2334909360080306e-06
384, 5.577263448371454e+18,6.22912021676732e-06
385, 5.591749846938653e+18,6.2247544638816255e-06
386, 5.606236245505851e+18,6.2203936340598354e-06
387, 5.62072264407305e+18,6.216037684004584e-06
388, 5.635209042640249e+18,6.211686570412762e-06
389, 5.649695441207448e+18,6.207340249975995e-06
390, 5.664181839774645e+18,6.2029986793811484e-06
391, 5.678668238341843e+18,6.1986618153108235e-06
392, 5.693154636909043e+18,6.1943296144438565e-06
393, 5.707641035476241e+18,6.190002033455818e-06
394, 5.72212743404344e+18,6.185679029019516e-06
395, 5.736613832610639e+18,6.181360557805492e-06
396, 5.751100231177838e+18,6.177046576482539e-06
397, 5.765586629745036e+18,6.172737041718193e-06
398, 5.780073028312235e+18,6.168431910179252e-06
399, 5.794559426879434e+18,6.164039600469921e-06
400, 5.809045825446632e+18,6.159513108521669e-06
401, 5.823532224013831e+18,6.1549872650304155e-06
402, 5.83801862258103e+18,6.150462047128274e-06
403, 5.852505021148229e+18,6.145937431933673e-06
404, 5.866991419715427e+18,6.141413396551296e-06
405, 5.881477818282626e+18,6.136889918072019e-06
406, 5.895964216849825e+18,6.132366973572853e-06
407, 5.910450615417023e+18,6.127844540116891e-06
408, 5.924937013984222e+18,6.123322594753226e-06
409, 5.939423412551421e+18,6.1188011145169165e-06
410, 5.95390981111862e+18,6.114280076428911e-06
411, 5.968396209685818e+18,6.109759457495987e-06
412, 5.982882608253016e+18,6.1052392347107015e-06
413, 5.997369006820215e+18,6.100719385051319e-06
414, 6.011855405387414e+18,6.096199885481755e-06
415, 6.026341803954612e+18,6.091680712951514e-06
416, 6.040828202521811e+18,6.0871618443956355e-06
417, 6.05531460108901e+18,6.082643256734625e-06
418, 6.069800999656208e+18,6.0781249268743975e-06
419, 6.084287398223406e+18,6.073653551552193e-06
420, 6.098773796790605e+18,6.069373126305227e-06
421, 6.113260195357804e+18,6.065084998332539e-06
422, 6.127746593925002e+18,6.060793852711606e-06
423, 6.142232992492201e+18,6.056505290361916e-06
424, 6.1567193910594e+18,6.0522192931377604e-06
425, 6.171205789626598e+18,6.047935842835863e-06
426, 6.185692188193797e+18,6.04365492119488e-06
427, 6.200178586760996e+18,6.039376509894889e-06
428, 6.214664985328195e+18,6.035100590556906e-06
429, 6.229151383895393e+18,6.030827144742368e-06
430, 6.243637782462592e+18,6.026556153952641e-06
431, 6.258124181029791e+18,6.0222875996285064e-06
432, 6.272610579596989e+18,6.018021463149677e-06
433, 6.287096978164188e+18,6.013757725834265e-06
434, 6.301583376731387e+18,6.009496368938298e-06
435, 6.316069775298586e+18,6.005237373655201e-06
436, 6.330556173865784e+18,6.000980721115295e-06
437, 6.345042572432983e+18,5.996726392385288e-06
438, 6.359528971000182e+18,5.992474368467763e-06
439, 6.37401536956738e+18,5.9882246303006724e-06
440, 6.388501768134579e+18,5.9845815812544955e-06
441, 6.402988166701778e+18,5.980940943067073e-06
442, 6.417474565268977e+18,5.97730017547892e-06
443, 6.431960963836175e+18,5.9736592678745435e-06
444, 6.446447362403374e+18,5.97001820960194e-06
445, 6.460933760970573e+18,5.966376989972266e-06
446, 6.475420159537772e+18,5.96273559825951e-06
447, 6.48990655810497e+18,5.959094023700152e-06
448, 6.504392956672169e+18,5.955452255492842e-06
449, 6.518879355239368e+18,5.951810282798054e-06
450, 6.533365753806566e+18,5.948168094737762e-06
451, 6.547852152373765e+18,5.944525680395097e-06
452, 6.562338550940964e+18,5.9408830288140215e-06
453, 6.576824949508163e+18,5.937240128998978e-06
454, 6.591311348075361e+18,5.933596969914569e-06
455, 6.60579774664256e+18,5.929953540485204e-06
456, 6.620284145209759e+18,5.926309829594764e-06
457, 6.634770543776957e+18,5.922665826086276e-06
458, 6.649256942344156e+18,5.919021518761553e-06
459, 6.663743340911355e+18,5.9153768963808635e-06
460, 6.678229739478554e+18,5.9123665696212865e-06
461, 6.692716138045752e+18,5.90951352226858e-06
462, 6.707202536612951e+18,5.906658715261349e-06
463, 6.72168893518015e+18,5.903802143281834e-06
464, 6.736175333747348e+18,5.900943800995678e-06
465, 6.750661732314547e+18,5.898083683051731e-06
466, 6.765148130881746e+18,5.895221784081866e-06
467, 6.779634529448945e+18,5.892358098700796e-06
468, 6.794120928016143e+18,5.88949262150588e-06
469, 6.808607326583342e+18,5.886625347076938e-06
470, 6.823093725150541e+18,5.883756269976067e-06
471, 6.83758012371774e+18,5.880885384747448e-06
472, 6.852066522284938e+18,5.878012685917158e-06
473, 6.866552920852137e+18,5.87513816799298e-06
474, 6.881039319419336e+18,5.872261825464221e-06
475, 6.895525717986534e+18,5.869383652801511e-06
476, 6.910012116553733e+18,5.866503644456624e-06
477, 6.924498515120932e+18,5.86362179486228e-06
478, 6.938984913688131e+18,5.860738098431958e-06
479, 6.953471312255329e+18,5.857852549559708e-06
480, 6.967957710822528e+18,5.855437852113458e-06
481, 6.982444109389727e+18,5.853326348300638e-06
482, 6.996930507956925e+18,5.851213053190566e-06
483, 7.011416906524123e+18,5.849097966953094e-06
484, 7.025903305091322e+18,5.846981089743675e-06
485, 7.040389703658521e+18,5.844862421703271e-06
486, 7.054876102225719e+18,5.842741962958276e-06
487, 7.069362500792918e+18,5.840619713620432e-06
488, 7.083848899360117e+18,5.838495673786743e-06
489, 7.098335297927315e+18,5.836369843539396e-06
490, 7.112821696494514e+18,5.834242222945678e-06
491, 7.127308095061713e+18,5.832112812057882e-06
492, 7.141794493628912e+18,5.829981610913243e-06
493, 7.15628089219611e+18,5.827848619533837e-06
494, 7.170767290763309e+18,5.825713837926505e-06
495, 7.185253689330508e+18,5.823577266082772e-06
496, 7.199740087897706e+18,5.821438903978759e-06
497, 7.214226486464905e+18,5.819298751575105e-06
498, 7.228712885032104e+18,5.817156808816881e-06
499, 7.243199283599303e+18,5.815013075633503e-06
500, 7.257685682166501e+18,5.813155242471451e-06
501, 7.2721720807337e+18,5.811693001087627e-06
502, 7.286658479300899e+18,5.810228445196248e-06
503, 7.301144877868098e+18,5.808761573142967e-06
504, 7.315631276435296e+18,5.807292383271017e-06
505, 7.330117675002495e+18,5.8058208739212154e-06
506, 7.344604073569694e+18,5.804347043431989e-06
507, 7.359090472136892e+18,5.802870890139386e-06
508, 7.373576870704091e+18,5.801392412377094e-06
509, 7.38806326927129e+18,5.799911608476456e-06
510, 7.402549667838489e+18,5.7984284767664875e-06
511, 7.417036066405687e+18,5.796943015573896e-06
512, 7.431522464972886e+18,5.795455223223095e-06
513, 7.446008863540085e+18,5.793965098036216e-06
514, 7.460495262107283e+18,5.792472638333135e-06
515, 7.474981660674482e+18,5.79097784243148e-06
516, 7.489468059241681e+18,5.789498280458676e-06
517, 7.50395445780888e+18,5.788020822071464e-06
518, 7.518440856376078e+18,5.7865406117842285e-06
519, 7.532927254943277e+18,5.785057646581289e-06
520, 7.547413653510476e+18,5.783719563081156e-06
521, 7.561900052077674e+18,5.782858031067028e-06
522, 7.576386450644873e+18,5.781993814709995e-06
523, 7.590872849212072e+18,5.7811269166653675e-06
524, 7.605359247779271e+18,5.780257339581924e-06
525, 7.619845646346469e+18,5.779385086101926e-06
526, 7.634332044913668e+18,5.778510158861119e-06
527, 7.648818443480867e+18,5.7776325604887405e-06
528, 7.663304842048066e+18,5.776752293607524e-06
529, 7.677791240615264e+18,5.775869360833707e-06
530, 7.692277639182463e+18,5.7749837647770364e-06
531, 7.706764037749662e+18,5.774095508040773e-06
532, 7.72125043631686e+18,5.773204593221698e-06
533, 7.735736834884059e+18,5.772311022910115e-06
534, 7.750223233451258e+18,5.7714147996898596e-06
535, 7.764709632018457e+18,5.770515926138302e-06
536, 7.779196030585655e+18,5.769614404826352e-06
537, 7.793682429152854e+18,5.768710238318465e-06
538, 7.808168827720053e+18,5.767803429172642e-06
539, 7.822655226287251e+18,5.7668939799404455e-06
540, 7.83714162485445e+18,5.766018816933326e-06
541, 7.851628023421649e+18,5.765766964616142e-06
542, 7.866114421988848e+18,5.765513206614549e-06
543, 7.880600820556046e+18,5.765257548675773e-06
544, 7.895087219123245e+18,5.764999996546856e-06
545, 7.909573617690444e+18,5.764740555974634e-06
546, 7.924060016257642e+18,5.764479232705762e-06
547, 7.938546414824841e+18,5.7642160324867e-06
548, 7.95303281339204e+18,5.763950961063727e-06
549, 7.967519211959239e+18,5.763684024182934e-06
550, 7.982005610526437e+18,5.763415227590235e-06
551, 7.996492009093636e+18,5.7631445770313616e-06
552, 8.010978407660835e+18,5.762872078251878e-06
553, 8.025464806228034e+18,5.7625977369971695e-06
554, 8.039951204795232e+18,5.762321559012454e-06
555, 8.054437603362431e+18,5.7620435500427835e-06
556, 8.06892400192963e+18,5.761763715833049e-06
557, 8.083410400496828e+18,5.761482062127976e-06
558, 8.097896799064027e+18,5.761198594672146e-06
559, 8.112383197631226e+18,5.760913319209971e-06
560, 8.126869596198425e+18,5.7606262414857244e-06
561, 8.141355994765623e+18,5.760923405383194e-06
562, 8.155842393332822e+18,5.761298727072034e-06
563, 8.170328791900021e+18,5.761672937738146e-06
564, 8.184815190467219e+18,5.762046045977095e-06
565, 8.199301589034418e+18,5.762418060389299e-06
566, 8.213787987601617e+18,5.7627889895799955e-06
567, 8.228274386168816e+18,5.7631588421592106e-06
568, 8.242760784736014e+18,5.763527626741724e-06
569, 8.257247183303213e+18,5.763895351947037e-06
570, 8.271733581870412e+18,5.764262026399341e-06
571, 8.28621998043761e+18,5.764627658727487e-06
572, 8.300706379004809e+18,5.76499225756495e-06
573, 8.315192777572008e+18,5.765355831549797e-06
574, 8.329679176139207e+18,5.765718389324656e-06
575, 8.344165574706405e+18,5.766079939536692e-06
576, 8.358651973273604e+18,5.7664404908375535e-06
577, 8.373138371840803e+18,5.766800051883368e-06
578, 8.387624770408002e+18,5.767158631334689e-06
579, 8.4021111689752e+18,5.767516237856476e-06
580, 8.416597567542399e+18,5.767872880118058e-06
581, 8.431083966109598e+18,5.768630771908226e-06
582, 8.445570364676796e+18,5.7695522725744724e-06
583, 8.460056763243995e+18,5.7704737045303286e-06
584, 8.474543161811194e+18,5.771395079069623e-06
585, 8.489029560378393e+18,5.772316407483096e-06
586, 8.503515958945591e+18,5.7732377010583465e-06
587, 8.51800235751279e+18,5.774158971079759e-06
588, 8.532488756079989e+18,5.775080228828428e-06
589, 8.546975154647187e+18,5.776001485582102e-06
590, 8.561461553214386e+18,5.77692275261511e-06
591, 8.575947951781585e+18,5.7778440411983e-06
592, 8.590434350348784e+18,5.778765362598967e-06
593, 8.604920748915982e+18,5.779686728080779e-06
594, 8.619407147483181e+18,5.7806081489037245e-06
595, 8.63389354605038e+18,5.781529636324034e-06
596, 8.648379944617578e+18,5.7824512015941144e-06
597, 8.662866343184777e+18,5.783372855962482e-06
598, 8.677352741751976e+18,5.784294610673692e-06
599, 8.691839140319175e+18,5.7852164769682766e-06
600, 8.706325538886373e+18,5.786138466082667e-06
601, 8.720811937453572e+18,5.787275238212718e-06
602, 8.735298336020771e+18,5.78859243516013e-06
603, 8.74978473458797e+18,5.7899107840334065e-06
604, 8.764271133155168e+18,5.791230294608503e-06
605, 8.778757531722367e+18,5.792550976656857e-06
606, 8.793243930289566e+18,5.793872839945351e-06
607, 8.807730328856764e+18,5.795195894236249e-06
608, 8.822216727423963e+18,5.79652014928714e-06
609, 8.836703125991162e+18,5.797845614850909e-06
610, 8.851189524558361e+18,5.799172300675658e-06
611, 8.865675923125559e+18,5.8005002165046755e-06
612, 8.880162321692758e+18,5.801829372076372e-06
613, 8.894648720259957e+18,5.8031597771242376e-06
614, 8.909135118827155e+18,5.8044914413767855e-06
615, 8.923621517394354e+18,5.805824374557496e-06
616, 8.938107915961553e+18,5.8071585863847744e-06
617, 8.952594314528752e+18,5.808494086571887e-06
618, 8.96708071309595e+18,5.809830884826925e-06
619, 8.981567111663149e+18,5.811168990852738e-06
620, 8.996053510230348e+18,5.812508414346886e-06
621, 9.010539908797546e+18,5.813923294303482e-06
622, 9.025026307364745e+18,5.815459892452055e-06
623, 9.039512705931944e+18,5.816998316960041e-06
624, 9.053999104499143e+18,5.818538572029409e-06
625, 9.068485503066341e+18,5.8200806618641375e-06
626, 9.08297190163354e+18,5.821624590670179e-06
627, 9.097458300200739e+18,5.823170362655414e-06
628, 9.111944698767938e+18,5.824717982029608e-06
629, 9.126431097335136e+18,5.826267453004367e-06
630, 9.140917495902335e+18,5.827818779793098e-06
631, 9.155403894469534e+18,5.8293719666109596e-06
632, 9.169890293036732e+18,5.830927017674827e-06
633, 9.184376691603931e+18,5.832483937203242e-06
634, 9.19886309017113e+18,5.834042729416374e-06
635, 9.213349488738329e+18,5.8356033985359765e-06
636, 9.227835887305527e+18,5.8371659487853464e-06
637, 9.242322285872726e+18,5.8387303843892826e-06
638, 9.256808684439925e+18,5.84029670957404e-06
639, 9.271295083007123e+18,5.84186492856729e-06
640, 9.285781481574322e+18,5.843435045598079e-06
641, 9.30026788014152e+18,5.845023943578217e-06
642, 9.31475427870872e+18,5.846695075818944e-06
643, 9.329240677275918e+18,5.848409538256631e-06
644, 9.343727075843117e+18,5.850125796617992e-06
645, 9.358213474410316e+18,5.85184384540422e-06
646, 9.372699872977514e+18,5.853563679129534e-06
647, 9.387186271544713e+18,5.855285292321139e-06
648, 9.401672670111912e+18,5.857008679519189e-06
649, 9.41615906867911e+18,5.8587338352767396e-06
650, 9.43064546724631e+18,5.8604607541597095e-06
651, 9.445131865813508e+18,5.86218943074684e-06
652, 9.459618264380707e+18,5.863919859629653e-06
653, 9.474104662947906e+18,5.865652035412407e-06
654, 9.488591061515104e+18,5.867385952712062e-06
655, 9.503077460082303e+18,5.869121606158234e-06
656, 9.517563858649502e+18,5.8708589903931525e-06
657, 9.5320502572167e+18,5.87259810007163e-06
658, 9.5465366557839e+18,5.874338929861009e-06
659, 9.561023054351098e+18,5.876081474441128e-06
660, 9.575509452918297e+18,5.877825728504287e-06
661, 9.589995851485495e+18,5.879572468005264e-06
662, 9.604482250052694e+18,5.881332713043894e-06
663, 9.618968648619893e+18,5.8830944058045055e-06
664, 9.633455047187091e+18,5.884857537272866e-06
665, 9.64794144575429e+18,5.886622098445976e-06
666, 9.662427844321489e+18,5.888388080331994e-06
667, 9.676914242888688e+18,5.890155473950197e-06
668, 9.691400641455886e+18,5.8919242703309184e-06
669, 9.705887040023085e+18,5.893694460515505e-06
670, 9.720373438590284e+18,5.895466035556251e-06
671, 9.734859837157482e+18,5.897238986516357e-06
672, 9.749346235724681e+18,5.899013304469876e-06
673, 9.76383263429188e+18,5.900788980501654e-06
674, 9.778319032859079e+18,5.902566005707284e-06
675, 9.792805431426277e+18,5.9043443711930546e-06
676, 9.807291829993476e+18,5.9061240680758956e-06
677, 9.821778228560675e+18,5.9079050874833265e-06
678, 9.836264627127874e+18,5.909687420553406e-06
679, 9.850751025695072e+18,5.91147105843468e-06
680, 9.86523742426227e+18,5.913255992286134e-06
681, 9.87972382282947e+18,5.915042213277137e-06
682, 9.894210221396668e+18,5.916805315734908e-06
683, 9.908696619963867e+18,5.918567057189244e-06
684, 9.923183018531066e+18,5.920330056349516e-06
685, 9.937669417098265e+18,5.922094303067245e-06
686, 9.952155815665463e+18,5.923859787204156e-06
687, 9.966642214232662e+18,5.9256264986321e-06
688, 9.98112861279986e+18,5.927394427232981e-06
689, 9.99561501136706e+18,5.929163562898681e-06
690, 1.0010101409934258e+19,5.930933895530982e-06
691, 1.0024587808501457e+19,5.932705415041501e-06
692, 1.0039074207068656e+19,5.9344781113516e-06
693, 1.0053560605635854e+19,5.936251974392325e-06
694, 1.0068047004203053e+19,5.938026994104325e-06
695, 1.0082533402770252e+19,5.939803160437784e-06
696, 1.009701980133745e+19,5.941580463352338e-06
697, 1.011150619990465e+19,5.9433588928170066e-06
698, 1.0125992598471848e+19,5.945138438810119e-06
699, 1.0140478997039047e+19,5.946919091319245e-06
700, 1.0154965395606245e+19,5.948700840341109e-06
701, 1.0169451794173444e+19,5.950483675881531e-06
702, 1.0183938192740643e+19,5.952289750588412e-06
703, 1.0198424591307842e+19,5.954104338310318e-06
704, 1.021291098987504e+19,5.955919810537919e-06
705, 1.022739738844224e+19,5.957736157339245e-06
706, 1.0241883787009438e+19,5.959553368793868e-06
707, 1.0256370185576636e+19,5.961371434992806e-06
708, 1.0270856584143835e+19,5.9631903460384115e-06
709, 1.0285342982711034e+19,5.965010092044271e-06
710, 1.0299829381278233e+19,5.966830663135106e-06
711, 1.0314315779845431e+19,5.968663581509857e-06
712, 1.032880217841263e+19,5.970516402354377e-06
713, 1.0343288576979829e+19,5.972370069893491e-06
714, 1.0357774975547027e+19,5.974224575504195e-06
715, 1.0372261374114226e+19,5.976079910576248e-06
716, 1.0386747772681425e+19,5.9779360665120705e-06
717, 1.0401234171248624e+19,5.979793034726655e-06
718, 1.0415720569815822e+19,5.981650806647449e-06
719, 1.0430206968383021e+19,5.9835093737142635e-06
720, 1.044469336695022e+19,5.985368727379182e-06
721, 1.0459179765517418e+19,5.987228859106438e-06
722, 1.0488152562651816e+19,5.530131192292744e-06
723, 1.0502638961219015e+19,5.54081030185501e-06
724, 1.0517125359786213e+19,5.55159414569647e-06
725, 1.0531611758353412e+19,5.562490063630739e-06
726, 1.0546098156920609e+19,5.573503802060545e-06
727, 1.0560584555487807e+19,5.5846395120693805e-06
728, 1.0575070954055006e+19,5.595899758357979e-06
729, 1.0589557352622205e+19,5.607285538949701e-06
730, 1.0604043751189404e+19,5.618796315455951e-06
731, 1.0618530149756602e+19,5.630430053564016e-06
732, 1.0633016548323801e+19,5.6421832732889294e-06
733, 1.0647502946891e+19,5.654051108419436e-06
734, 1.0661989345458199e+19,5.666027374488899e-06
735, 1.0676475744025397e+19,5.678104644515808e-06
736, 1.0690962142592596e+19,5.690274331687467e-06
737, 1.0705448541159793e+19,5.702526778104591e-06
738, 1.0719934939726991e+19,5.714851348665074e-06
739, 1.073442133829419e+19,5.727236529141155e-06
740, 1.0748907736861389e+19,5.741948206115186e-06
741, 1.0763394135428588e+19,5.792775630975756e-06
742, 1.0777880533995784e+19,5.844455465472545e-06
743, 1.0792366932562983e+19,5.896958321528588e-06
744, 1.0806853331130184e+19,5.950254966300969e-06
745, 1.0821339729697382e+19,6.004316445461736e-06
746, 1.0835826128264581e+19,6.059114196585153e-06
747, 1.085031252683178e+19,6.114620152683777e-06
748, 1.0864798925398979e+19,6.170806836042571e-06
749, 1.0879285323966177e+19,6.227647442590758e-06
750, 1.0893771722533378e+19,6.285115917125505e-06
751, 1.0908258121100577e+19,6.3431870197613015e-06
752, 1.0922744519667775e+19,6.401836384024597e-06
753, 1.0937230918234972e+19,6.461040567046478e-06
754, 1.095171731680217e+19,6.520777092328058e-06
755, 1.096620371536937e+19,6.581024485565362e-06
756, 1.0980690113936568e+19,6.641762304023793e-06
757, 1.099517651250377e+19,6.70297115994871e-06
758, 1.1009662911070968e+19,6.764632738488612e-06
759, 1.1024149309638167e+19,6.826729810592904e-06
760, 1.1038635708205365e+19,6.889246241327632e-06
761, 1.1053122106772564e+19,6.9385175938324575e-06
762, 1.1067608505339765e+19,6.987996756544456e-06
763, 1.1082094903906963e+19,7.038494438751008e-06
764, 1.1096581302474162e+19,7.089949700080617e-06
765, 1.111106770104136e+19,7.142302655613586e-06
766, 1.112555409960856e+19,7.195494603884109e-06
767, 1.1140040498175758e+19,7.249468142771883e-06
768, 1.1154526896742957e+19,7.3041672732161176e-06
769, 1.1169013295310154e+19,7.359537490868909e-06
770, 1.1183499693877352e+19,7.415525865962143e-06
771, 1.119798609244455e+19,7.472081111793745e-06
772, 1.1212472491011748e+19,7.529153642345383e-06
773, 1.1226958889578947e+19,7.586695619626831e-06
774, 1.1241445288146143e+19,7.644660991403578e-06
775, 1.1255931686713342e+19,7.703005520006695e-06
776, 1.127041808528054e+19,7.761686802948732e-06
777, 1.128490448384774e+19,7.8206642860801e-06
778, 1.129939088241494e+19,7.879899270018064e-06
779, 1.1313877280982139e+19,7.939354910567962e-06
780, 1.1328363679549336e+19,7.998996213835302e-06
781, 1.1342850078116534e+19,8.031279140857469e-06
782, 1.1357336476683733e+19,8.053515906657207e-06
783, 1.1371822875250932e+19,8.07563552585164e-06
784, 1.138630927381813e+19,8.09762183446531e-06
785, 1.1400795672385327e+19,8.119459349167547e-06
786, 1.1415282070952526e+19,8.141133269232227e-06
787, 1.1429768469519725e+19,8.162629476198101e-06
788, 1.1444254868086923e+19,8.183934531504392e-06
789, 1.1458741266654122e+19,8.205035672365085e-06
790, 1.1473227665221323e+19,8.225920806133294e-06
791, 1.1487714063788521e+19,8.24657850339445e-06
792, 1.1502200462355718e+19,8.266997990014598e-06
793, 1.1516686860922917e+19,8.287169138357268e-06
794, 1.1531173259490116e+19,8.307082457870164e-06
795, 1.1545659658057314e+19,8.326729085230866e-06
796, 1.156014605662451e+19,8.346100774229228e-06
797, 1.1574632455191712e+19,8.365189885553784e-06
798, 1.1589118853758908e+19,8.383989376639032e-06
799, 1.1603605252326107e+19,8.402492791721943e-06
800, 1.1618091650893306e+19,8.420694252247586e-06
801, 1.1632578049460507e+19,8.440112608436348e-06
802, 1.1647064448027705e+19,8.464468409018464e-06
803, 1.1661550846594904e+19,8.490772484203227e-06
804, 1.1676037245162103e+19,8.51890786660105e-06
805, 1.1690523643729302e+19,8.548757193100226e-06
806, 1.17050100422965e+19,8.580203148858557e-06
807, 1.1719496440863699e+19,8.613128896017102e-06
808, 1.1733982839430898e+19,8.647418483439147e-06
809, 1.1748469237998096e+19,8.682957234747896e-06
810, 1.1762955636565293e+19,8.71963211284218e-06
811, 1.1777442035132494e+19,8.757332059893565e-06
812, 1.179192843369969e+19,8.795948312558698e-06
813, 1.180641483226689e+19,8.835374692771741e-06
814, 1.1820901230834088e+19,8.875507875010843e-06
815, 1.1835387629401287e+19,8.916247631361479e-06
816, 1.1849874027968485e+19,8.957497056033297e-06
817, 1.1864360426535682e+19,8.999081240924645e-06
818, 1.187884682510288e+19,9.041450831550606e-06
819, 1.189333322367008e+19,9.0848963540678e-06
820, 1.1907819622237278e+19,9.129353586508597e-06
821, 1.1922306020804477e+19,9.174761485447346e-06
822, 1.1936792419371676e+19,9.198393499502194e-06
823, 1.1951278817938874e+19,9.21666838535226e-06
824, 1.1965765216506073e+19,9.239301371368986e-06
825, 1.198025161507327e+19,9.266083921482411e-06
826, 1.1994738013640466e+19,9.296814004409767e-06
827, 1.2009224412207665e+19,9.331295525706455e-06
828, 1.2023710810774864e+19,9.369337737664668e-06
829, 1.2038197209342065e+19,9.41075464632412e-06
830, 1.2052683607909261e+19,9.455364431317065e-06
831, 1.2067170006476462e+19,9.502988891078107e-06
832, 1.208165640504366e+19,9.553452923164487e-06
833, 1.2096142803610857e+19,9.606584047075454e-06
834, 1.2110629202178056e+19,9.662211975030958e-06
835, 1.2125115600745253e+19,9.720168234650164e-06
836, 1.2139601999312454e+19,9.780285846332138e-06
837, 1.2154088397879652e+19,9.84239905734778e-06
838, 1.216857479644685e+19,9.906343134166119e-06
839, 1.2183061195014048e+19,9.971954214321512e-06
840, 1.2197547593581246e+19,1.0039069219143196e-05
841, 1.2212033992148447e+19,1.0107525828882833e-05
842, 1.2226520390715644e+19,1.0177162522157029e-05
843, 1.2241006789282843e+19,1.02373791183034e-05
844, 1.2255493187850041e+19,1.026634995165085e-05
845, 1.226997958641724e+19,1.0294318575933291e-05
846, 1.2284465984984439e+19,1.0321225886146098e-05
847, 1.2298952383551638e+19,1.0347011537820002e-05
848, 1.2313438782118836e+19,1.0371613867664655e-05
849, 1.2327925180686035e+19,1.0394969820604376e-05
850, 1.2342411579253234e+19,1.0417014883899742e-05
851, 1.2356897977820432e+19,1.0437683029031895e-05
852, 1.2371384376387633e+19,1.0456906662034646e-05
853, 1.238587077495483e+19,1.0474616582996869e-05
854, 1.2400357173522029e+19,1.0490741955527939e-05
855, 1.241484357208923e+19,1.0505210287086515e-05
856, 1.2429329970656426e+19,1.0517947421222536e-05
857, 1.2443816369223627e+19,1.0528877542978388e-05
858, 1.2458302767790823e+19,1.0537923198944032e-05
859, 1.2472789166358022e+19,1.0545005333768066e-05
860, 1.248727556492522e+19,1.0550043345300067e-05
861, 1.2501761963492418e+19,1.055295516098693e-05
862, 1.2516248362059616e+19,1.055365733867716e-05
863, 1.2530734760626815e+19,1.0552065195613141e-05
864, 1.2545221159194012e+19,1.0548092970125283e-05
865, 1.255970755776121e+19,1.0541654021398145e-05
866, 1.257419395632841e+19,1.0502082866766126e-05
867, 1.2588680354895608e+19,1.0458722416801329e-05
868, 1.2603166753462807e+19,1.0430287121589818e-05
869, 1.2617653152030003e+19,1.0403117448160072e-05
870, 1.2632139550597202e+19,1.0377531321723317e-05
871, 1.26466259491644e+19,1.0353847385293032e-05
872, 1.26611123477316e+19,1.0332384845680458e-05
873, 1.2675598746298798e+19,1.031346333893117e-05
874, 1.2690085144865999e+19,1.0297402818637712e-05
875, 1.2704571543433198e+19,1.0284523470058553e-05
876, 1.2719057942000396e+19,1.027514565233488e-05
877, 1.2733544340567595e+19,1.026958987034938e-05
878, 1.2748030739134794e+19,1.0268176776947273e-05
879, 1.2762517137701992e+19,1.0289017939384212e-05
880, 1.2777003536269191e+19,1.0314784794879414e-05
881, 1.279148993483639e+19,1.034243457839394e-05
882, 1.2805976333403587e+19,1.0371574070861402e-05
883, 1.2820462731970785e+19,1.0401789422159987e-05
884, 1.2834949130537982e+19,1.0432644831009599e-05
885, 1.284943552910518e+19,1.0463681469233018e-05
886, 1.2863921927672381e+19,1.049441667185996e-05
887, 1.2878408326239578e+19,1.0524343408315334e-05
888, 1.2892894724806777e+19,1.0552930043080403e-05
889, 1.2907381123373976e+19,1.0579620387076555e-05
890, 1.2921867521941174e+19,1.0603834033943403e-05
891, 1.293635392050837e+19,1.062496696869572e-05
892, 1.295084031907557e+19,1.071397122216336e-05
893, 1.2965326717642768e+19,1.0825669848699416e-05
894, 1.2979813116209965e+19,1.0936869403752814e-05
895, 1.2994299514777164e+19,1.1047218975192159e-05
896, 1.3008785913344362e+19,1.115642054903393e-05
897, 1.3023272311911563e+19,1.1264228074096983e-05
898, 1.3037758710478762e+19,1.1370445937992587e-05
899, 1.3052245109045959e+19,1.1474927041548224e-05
900, 1.3066731507613157e+19,1.1577570626139049e-05
901, 1.3081217906180358e+19,1.1678319977510143e-05
902, 1.3095704304747555e+19,1.1777160101825448e-05
903, 1.3110190703314756e+19,1.1874115445463793e-05
904, 1.3124677101881954e+19,1.1969247709629767e-05
905, 1.313916350044915e+19,1.2062653793953498e-05
906, 1.315364989901635e+19,1.215765835571001e-05
907, 1.3168136297583546e+19,1.2258961827546652e-05
908, 1.3182622696150745e+19,1.2357290731244365e-05
909, 1.3197109094717944e+19,1.2453517069265459e-05
910, 1.3211595493285143e+19,1.254851250743437e-05
911, 1.3226081891852341e+19,1.2643147431911859e-05
912, 1.3240568290419542e+19,1.2738290332713666e-05
913, 1.325505468898674e+19,1.2834807454884194e-05
914, 1.326954108755394e+19,1.2933562664876029e-05
915, 1.3284027486121138e+19,1.3035417483934482e-05
916, 1.3298513884688335e+19,1.3141231242913635e-05
917, 1.3313000283255534e+19,1.3251861314464808e-05
918, 1.3327486681822732e+19,1.3368163379399822e-05
919, 1.334197308038993e+19,1.3490991684683166e-05
920, 1.335645947895713e+19,1.3621199251337757e-05
921, 1.3370945877524328e+19,1.3754421674425546e-05
922, 1.3385432276091527e+19,1.38589393935401e-05
923, 1.3399918674658728e+19,1.3940025860262281e-05
924, 1.3414405073225927e+19,1.3997563064275527e-05
925, 1.3428891471793125e+19,1.4039317550564522e-05
926, 1.3443377870360324e+19,1.4066382732824685e-05
927, 1.3457864268927523e+19,1.4079850013976708e-05
928, 1.3472350667494724e+19,1.4080805901167434e-05
929, 1.348683706606192e+19,1.407032982198242e-05
930, 1.3501323464629119e+19,1.4049492468504972e-05
931, 1.351580986319632e+19,1.401935453794532e-05
932, 1.3530296261763516e+19,1.3980965770213432e-05
933, 1.3544782660330715e+19,1.3935364206783018e-05
934, 1.3559269058897914e+19,1.3883575613524824e-05
935, 1.357375545746511e+19,1.3826613024355809e-05
936, 1.358824185603231e+19,1.3765476373645933e-05
937, 1.3602728254599508e+19,1.370115219415763e-05
938, 1.3617214653166707e+19,1.3634613364460217e-05
939, 1.363170105173391e+19,1.3569173281066074e-05
940, 1.3646187450301108e+19,1.3511068025545381e-05
941, 1.3660673848868305e+19,1.3462087822359488e-05
942, 1.3675160247435504e+19,1.3422640672941294e-05
943, 1.36896466460027e+19,1.3393130682356384e-05
944, 1.37041330445699e+19,1.3373957944721355e-05
945, 1.3718619443137098e+19,1.3365518554147245e-05
946, 1.3733105841704296e+19,1.3368204710381272e-05
947, 1.3747592240271497e+19,1.3382404878064115e-05
948, 1.3762078638838696e+19,1.3408503948943232e-05
949, 1.3776565037405893e+19,1.3446883348260165e-05
950, 1.3791051435973091e+19,1.3497921020671869e-05
951, 1.380553783454029e+19,1.3561991228258293e-05
952, 1.3820024233107489e+19,1.3639464094088071e-05
953, 1.3834510631674687e+19,1.3730704829990973e-05
954, 1.3848997030241888e+19,1.3836072596886288e-05
955, 1.3863483428809087e+19,1.3955918960233577e-05
956, 1.3877969827376284e+19,1.4029885792094104e-05
957, 1.3892456225943482e+19,1.408554951384048e-05
958, 1.3906942624510681e+19,1.4130379282713315e-05
959, 1.3921429023077878e+19,1.4164701080169176e-05
960, 1.3935915421645076e+19,1.4188838508949734e-05
961, 1.3950401820212273e+19,1.4203112673398294e-05
962, 1.3964888218779472e+19,1.4207842028733558e-05
963, 1.397937461734667e+19,1.420334219916316e-05
964, 1.399386101591387e+19,1.4189925764474309e-05
965, 1.4008347414481068e+19,1.4167902014537942e-05
966, 1.4022833813048269e+19,1.4137576671008817e-05
967, 1.4037320211615468e+19,1.4017563855391893e-05
968, 1.4051806610182666e+19,1.3806365703880013e-05
969, 1.4066293008749863e+19,1.3579196459384547e-05
970, 1.4080779407317062e+19,1.33668119783599e-05
971, 1.409526580588426e+19,1.3168445783102311e-05
972, 1.410975220445146e+19,1.2983331948813566e-05
973, 1.4124238603018658e+19,1.2810713855715736e-05
974, 1.4138725001585859e+19,1.2649853021918626e-05
975, 1.4153211400153057e+19,1.2500037861093108e-05
976, 1.4167697798720256e+19,1.236059222708422e-05
977, 1.4182184197287455e+19,1.223088362808837e-05
978, 1.4196670595854653e+19,1.2110331013111248e-05
979, 1.4211156994421852e+19,1.1998412050443929e-05
980, 1.4225643392989053e+19,1.1894669829547963e-05
981, 1.424012979155625e+19,1.1798718922239307e-05
982, 1.4254616190123448e+19,1.171025073529168e-05
983, 1.4269102588690647e+19,1.1629038074160327e-05
984, 1.4283588987257846e+19,1.1554938816935345e-05
985, 1.4298075385825042e+19,1.1487898570293145e-05
986, 1.4312561784392241e+19,1.1427952147653338e-05
987, 1.432704818295944e+19,1.1375223677716012e-05
988, 1.4341534581526639e+19,1.1329925124144433e-05
989, 1.4356020980093837e+19,1.1292352980788936e-05
990, 1.4370507378661036e+19,1.1262882909034718e-05
991, 1.4384993777228235e+19,1.119793959900739e-05
992, 1.4399480175795433e+19,1.1094490114484276e-05
993, 1.4413966574362632e+19,1.0990284081213057e-05
994, 1.442845297292983e+19,1.0885181364396739e-05
995, 1.444293937149703e+19,1.0779044130833861e-05
996, 1.4457425770064228e+19,1.0671737444436655e-05
997, 1.4471912168631427e+19,1.0563129908686644e-05
998, 1.4486398567198624e+19,1.0453094335069153e-05
999, 1.450088496576582e+19,1.0321941003387321e-05
1000, 1.451537136433302e+19,1.0183510407427036e-05
1001, 1.4529857762900218e+19,1.0045047008580022e-05
1002, 1.4544344161467415e+19,9.906539552208955e-06
1003, 1.4558830560034611e+19,9.767957561166759e-06
1004, 1.4573316958601812e+19,9.62925077633967e-06
1005, 1.4587803357169013e+19,9.490348785518344e-06
1006, 1.4602289755736211e+19,9.351160883476914e-06
1007, 1.461677615430341e+19,9.211576207078938e-06
1008, 1.4631262552870609e+19,9.071464189312176e-06
1009, 1.4645748951437808e+19,8.930675375415035e-06
1010, 1.4660235350005006e+19,8.789042642815406e-06
1011, 1.4674721748572205e+19,8.646382864672302e-06
1012, 1.4689208147139406e+19,8.50249905469913e-06
1013, 1.4703694545706605e+19,8.357183029051731e-06
1014, 1.4718180944273801e+19,8.210218619844974e-06
1015, 1.4732667342841e+19,8.062321771172932e-06
1016, 1.4747153741408199e+19,7.943838097011043e-06
1017, 1.4761640139975397e+19,7.827408155391576e-06
1018, 1.4776126538542596e+19,7.712807624557161e-06
1019, 1.4790612937109795e+19,7.599826334756208e-06
1020, 1.4805099335676994e+19,7.48827245601203e-06
1021, 1.481958573424419e+19,7.377976474667693e-06
1022, 1.4834072132811389e+19,7.2687949045230716e-06
1023, 1.484855853137859e+19,7.160613688386275e-06
1024, 1.4863044929945788e+19,7.053351254074405e-06
1025, 1.4877531328512985e+19,6.946961194579852e-06
1026, 1.4892017727080182e+19,6.84143454477088e-06
1027, 1.4906504125647383e+19,6.73680162638871e-06
1028, 1.4920990524214583e+19,6.6331334292863066e-06
1029, 1.4935476922781782e+19,6.530542490168022e-06
1030, 1.4949963321348979e+19,6.429183221195808e-06
1031, 1.4964449719916175e+19,6.4242205557242695e-06
1032, 1.4978936118483374e+19,6.4289503553221175e-06
1033, 1.4993422517050573e+19,6.430771862044492e-06
1034, 1.5007908915617772e+19,6.429473210420849e-06
1035, 1.5022395314184968e+19,6.424835643372225e-06
1036, 1.5036881712752167e+19,6.416634348224209e-06
1037, 1.5051368111319366e+19,6.404639217606279e-06
1038, 1.5065854509886564e+19,6.388615538356302e-06
1039, 1.5080340908453763e+19,6.368324613729699e-06
1040, 1.5094827307020964e+19,6.35236479022163e-06
1041, 1.510931370558816e+19,6.388608690478076e-06
1042, 1.5123800104155361e+19,6.4276459276726335e-06
1043, 1.513828650272256e+19,6.470270895965979e-06
1044, 1.5152772901289759e+19,6.517304784099019e-06
1045, 1.5167259299856955e+19,6.569577003805831e-06
1046, 1.5181745698424152e+19,6.6279034516829555e-06
1047, 1.519623209699135e+19,6.702701471111207e-06
1048, 1.521071849555855e+19,6.856744048258754e-06
1049, 1.5225204894125748e+19,7.017364045720345e-06
1050, 1.5239691292692947e+19,7.184346468486381e-06
1051, 1.5254177691260146e+19,7.357412480033741e-06
1052, 1.5268664089827342e+19,7.5362250622865474e-06
1053, 1.5283150488394543e+19,7.720396043005595e-06
1054, 1.5297636886961742e+19,7.90949397819878e-06
1055, 1.531212328552894e+19,8.10305237986598e-06
1056, 1.532660968409614e+19,8.30057783381575e-06
1057, 1.5341096082663338e+19,8.50155763990301e-06
1058, 1.5355582481230537e+19,8.705466709251485e-06
1059, 1.5370068879797735e+19,8.91270435917424e-06
1060, 1.5384555278364934e+19,9.11617553969209e-06
1061, 1.5399041676932133e+19,9.30965029663758e-06
1062, 1.5413528075499332e+19,9.493020628951616e-06
1063, 1.542801447406653e+19,9.666203131745811e-06
1064, 1.544250087263373e+19,9.829133414873755e-06
1065, 1.5456987271200928e+19,9.981761800484272e-06
1066, 1.5471473669768126e+19,1.0124050030221636e-05
1067, 1.5485960068335327e+19,1.0255968773663543e-05
1068, 1.5500446466902528e+19,1.0377495777041871e-05
1069, 1.5514932865469727e+19,1.0488614528213606e-05
1070, 1.5529419264036925e+19,1.0589313342611125e-05
1071, 1.5543905662604124e+19,1.0664276200045252e-05
1072, 1.5558392061171323e+19,1.070424061743597e-05
1073, 1.5572878459738522e+19,1.0751410875637584e-05
1074, 1.558736485830572e+19,1.0806012694428975e-05
1075, 1.560185125687292e+19,1.086824837175395e-05
1076, 1.5616337655440118e+19,1.0938296819889933e-05
1077, 1.5630824054007316e+19,1.101631388979544e-05
1078, 1.5645310452574515e+19,1.110243296383936e-05
1079, 1.5659796851141714e+19,1.1196765793886783e-05
1080, 1.567428324970891e+19,1.129940355920592e-05
1081, 1.568876964827611e+19,1.1410418116944333e-05
1082, 1.5703256046843308e+19,1.1529863417036121e-05
1083, 1.5717742445410505e+19,1.1657777053337388e-05
1084, 1.5732228843977705e+19,1.1794181923502866e-05
1085, 1.5746715242544904e+19,1.1939087971530058e-05
1086, 1.57612016411121e+19,1.209249398890596e-05
1087, 1.57756880396793e+19,1.225438945276818e-05
1088, 1.5790174438246498e+19,1.2424756382304366e-05
1089, 1.5804660836813697e+19,1.2603571197619754e-05
1090, 1.5819147235380896e+19,1.27908065683754e-05
1091, 1.5833633633948094e+19,1.2986433242511682e-05
1092, 1.5848120032515293e+19,1.3190421848220212e-05
1093, 1.5862606431082492e+19,1.3398232656186643e-05
1094, 1.587709282964969e+19,1.3605134294226465e-05
1095, 1.5891579228216887e+19,1.3817000708797011e-05
1096, 1.5906065626784086e+19,1.3774913664512675e-05
1097, 1.5920552025351287e+19,1.3674768483612098e-05
1098, 1.5935038423918486e+19,1.3559633400698893e-05
1099, 1.5949524822485684e+19,1.342451175350844e-05
1100, 1.596401122105288e+19,1.3292477809817708e-05
1101, 1.5978497619620078e+19,1.3163945470669725e-05
1102, 1.5992984018187276e+19,1.3039325053933363e-05
1103, 1.6007470416754475e+19,1.2919021702098724e-05
1104, 1.6021956815321674e+19,1.2803433573374353e-05
1105, 1.6036443213888872e+19,1.2692949811226387e-05
1106, 1.6050929612456071e+19,1.2587948294896621e-05
1107, 1.606541601102327e+19,1.2488793182443401e-05
1108, 1.6079902409590469e+19,1.23958322683162e-05
1109, 1.6094388808157665e+19,1.2309394189096e-05
1110, 1.6108875206724866e+19,1.2229785523318629e-05
1111, 1.6123361605292065e+19,1.2157287843583313e-05
1112, 1.6137848003859263e+19,1.209215479060479e-05
1113, 1.6152334402426462e+19,1.2034609248556167e-05
1114, 1.616682080099366e+19,1.19848407079936e-05
1115, 1.618130719956086e+19,1.1943002905929165e-05
1116, 1.6195793598128058e+19,1.1909211831472702e-05
1117, 1.6210279996695257e+19,1.1883544179421415e-05
1118, 1.6224766395262456e+19,1.1887845996460026e-05
1119, 1.6239252793829652e+19,1.1921340782933404e-05
1120, 1.6253739192396851e+19,1.1952718841677144e-05
1121, 1.6268225590964048e+19,1.1982037282534586e-05
1122, 1.6282711989531247e+19,1.2009353029083132e-05
1123, 1.6297198388098445e+19,1.2034722830943555e-05
1124, 1.6311684786665644e+19,1.2058203267113618e-05
1125, 1.632617118523284e+19,1.2079850739392692e-05
1126, 1.6340657583800037e+19,1.2099721455032421e-05
1127, 1.6355143982367236e+19,1.2117871397803364e-05
1128, 1.6369630380934437e+19,1.213435628671359e-05
1129, 1.6384116779501634e+19,1.2149231521654612e-05
1130, 1.6398603178068832e+19,1.2162552115285902e-05
1131, 1.641308957663603e+19,1.2174372610500845e-05
1132, 1.642757597520323e+19,1.2184746982850323e-05
1133, 1.6442062373770428e+19,1.2193728527332213e-05
1134, 1.6456548772337627e+19,1.2201369728990141e-05
1135, 1.6471035170904826e+19,1.220772211680234e-05
1136, 1.6485521569472025e+19,1.221283610038426e-05
1137, 1.6500007968039223e+19,1.2216760789074095e-05
1138, 1.6514494366606422e+19,1.2219543793024066e-05
1139, 1.652898076517362e+19,1.2212781455002248e-05
1140, 1.654346716374082e+19,1.2174900313795137e-05
1141, 1.6557953562308018e+19,1.2136614299421608e-05
1142, 1.6572439960875215e+19,1.2097928418453498e-05
1143, 1.6586926359442412e+19,1.205885257795724e-05
1144, 1.660141275800961e+19,1.2019401794317528e-05
1145, 1.661589915657681e+19,1.1979596413316615e-05
1146, 1.6630385555144008e+19,1.1939462342414716e-05
1147, 1.6644871953711206e+19,1.1899031296106117e-05
1148, 1.6659358352278407e+19,1.1893967972152254e-05
1149, 1.6673844750845606e+19,1.1894757325388705e-05
1150, 1.6688331149412803e+19,1.1898139892811353e-05
1151, 1.6702817547980001e+19,1.1904137612382276e-05
1152, 1.67173039465472e+19,1.1912773428409985e-05
1153, 1.6731790345114399e+19,1.1924071530801894e-05
1154, 1.6746276743681597e+19,1.1938057596759278e-05
1155, 1.6760763142248794e+19,1.195475903371005e-05
1156, 1.677524954081599e+19,1.1974205222258608e-05
1157, 1.678973593938319e+19,1.1996427757913397e-05
1158, 1.6804222337950388e+19,1.2021460690329184e-05
1159, 1.6818708736517587e+19,1.204934075877278e-05
1160, 1.6833195135084786e+19,1.2080107622488157e-05
1161, 1.6847681533651982e+19,1.2109390097264431e-05
1162, 1.6862167932219181e+19,1.2115797294648112e-05
1163, 1.6876654330786382e+19,1.212346714412925e-05
1164, 1.689114072935358e+19,1.2132377128421546e-05
1165, 1.690562712792078e+19,1.2142505371748896e-05
1166, 1.6920113526487978e+19,1.2153830789642515e-05
1167, 1.6934599925055177e+19,1.2166333233973837e-05
1168, 1.6949086323622375e+19,1.2179993633191753e-05
1169, 1.6963572722189574e+19,1.2194794127768543e-05
1170, 1.6978059120756773e+19,1.2210718200889373e-05
1171, 1.6992545519323972e+19,1.2227750804441832e-05
1172, 1.700703191789117e+19,1.224587848037826e-05
1173, 1.702151831645837e+19,1.2265089477532226e-05
1174, 1.7036004715025568e+19,1.2285373863974325e-05
1175, 1.7050491113592766e+19,1.230672363498976e-05
1176, 1.7064977512159965e+19,1.2329132816752844e-05
1177, 1.7079463910727164e+19,1.2352597565762158e-05
1178, 1.7093950309294363e+19,1.2377116264084116e-05
1179, 1.7108436707861561e+19,1.2402689610433901e-05
1180, 1.712292310642876e+19,1.242932070710084e-05
1181, 1.7137409504995957e+19,1.2457015142701422e-05
1182, 1.7151895903563153e+19,1.2485781070717413e-05
1183, 1.7166382302130352e+19,1.2515629283749509e-05
1184, 1.718086870069755e+19,1.2549515475545711e-05
1185, 1.719535509926475e+19,1.258634161733064e-05
1186, 1.7209841497831948e+19,1.2619697487985333e-05
1187, 1.7224327896399147e+19,1.2649683023586863e-05
1188, 1.7238814294966346e+19,1.2676414050139927e-05
1189, 1.7253300693533544e+19,1.2700023091872695e-05
1190, 1.7267787092100741e+19,1.2720660262351724e-05
1191, 1.7282273490667942e+19,1.2762996446140087e-05
1192, 1.7296759889235139e+19,1.2820504266260338e-05
1193, 1.7311246287802335e+19,1.2879880787870949e-05
1194, 1.7325732686369534e+19,1.2941049121236211e-05
1195, 1.7340219084936733e+19,1.3003933173053772e-05
1196, 1.7354705483503931e+19,1.3068457912936885e-05
1197, 1.736919188207113e+19,1.313454963692812e-05
1198, 1.7383678280638329e+19,1.3202136226807433e-05
1199, 1.7398164679205528e+19,1.3271147404267475e-05
1200, 1.7412651077772724e+19,1.334151497927634e-05
1201, 1.7427137476339923e+19,1.3413173092136537e-05
1202, 1.7441623874907122e+19,1.348605844888608e-05
1203, 1.745611027347432e+19,1.3560110549779103e-05
1204, 1.7470596672041517e+19,1.3635271910635135e-05
1205, 1.7485083070608716e+19,1.3711488276864518e-05
1206, 1.7499569469175914e+19,1.3788708829967411e-05
1207, 1.7514055867743113e+19,1.3876911328826736e-05
1208, 1.7528542266310312e+19,1.3971347849052167e-05
1209, 1.754302866487751e+19,1.4064712575430215e-05
1210, 1.755751506344471e+19,1.4157001078219684e-05
1211, 1.7572001462011908e+19,1.4248209604191573e-05
1212, 1.7586487860579107e+19,1.4338335005829291e-05
1213, 1.7600974259146306e+19,1.442737467518313e-05
1214, 1.7615460657713504e+19,1.4515326482132954e-05
1215, 1.7629947056280703e+19,1.4602188716818526e-05
1216, 1.7644433454847902e+19,1.4687960036002778e-05
1217, 1.76589198534151e+19,1.477263941313987e-05
1218, 1.76734062519823e+19,1.4856226091926266e-05
1219, 1.7687892650549498e+19,1.493871954312067e-05
1220, 1.7702379049116697e+19,1.5020119424425527e-05
1221, 1.7716865447683895e+19,1.5100425543230842e-05
1222, 1.7731351846251094e+19,1.5179637822028432e-05
1223, 1.7745838244818293e+19,1.5257756266312923e-05
1224, 1.7760324643385491e+19,1.533478093479351e-05
1225, 1.777481104195269e+19,1.541071191174863e-05
1226, 1.7789297440519889e+19,1.5485549281363423e-05
1227, 1.7803783839087088e+19,1.5559293103897894e-05
1228, 1.7818270237654284e+19,1.563194339354141e-05
1229, 1.7832756636221483e+19,1.569163997867906e-05
1230, 1.7847243034788682e+19,1.5739086272604003e-05
1231, 1.786172943335588e+19,1.578744163346728e-05
1232, 1.787621583192308e+19,1.5836675236044188e-05
1233, 1.789070223049028e+19,1.5886760975867867e-05
1234, 1.7905188629057477e+19,1.5937677299034355e-05
1235, 1.7919675027624675e+19,1.598940704524064e-05
1236, 1.7934161426191876e+19,1.604193730357129e-05
1237, 1.7948647824759075e+19,1.6095259280515624e-05
1238, 1.7963134223326274e+19,1.6149368179669485e-05
1239, 1.7977620621893472e+19,1.6216886032069263e-05
1240, 1.799210702046067e+19,1.630787945748158e-05
1241, 1.800659341902787e+19,1.63987170644783e-05
1242, 1.8021079817595068e+19,1.6489322486054798e-05
1243, 1.8035566216162265e+19,1.6579620264576834e-05
1244, 1.8050052614729462e+19,1.6669535918279676e-05
1245, 1.806453901329666e+19,1.6758996007555584e-05
1246, 1.807902541186386e+19,1.6847928200997935e-05
1247, 1.8093511810431058e+19,1.693626134117366e-05
1248, 1.8107998208998257e+19,1.7023925510098043e-05
1249, 1.8122484607565455e+19,1.711085209438754e-05
